103rdStreet1	40.799419	-73.968158	1904
103rdStreet46	40.79029	-73.947687	1918
103rdStreetABC	40.79604	-73.96142	1932
103rdStreetCoronaPlaza	40.749881	-73.862733	1917
104thStreet	40.682233	-73.837352	1915
104thStreetJZ	40.695184	-73.843231	1917
110thStreet	40.794773	-73.944426	1918
110thStreetCathedralParkway	40.800524	-73.958244	1932
111thStreet7	40.751714	-73.855636	1925
111thStreetA	40.684673	-73.831129	1915
111thStreetJZ	40.696876	-73.837223	1917
116thStreet23	40.802	-73.95	1904
116thStreet46	40.798607	-73.942022	1918
116thStreetABC	40.804389	-73.955412	1932
116thStreetColumbiaUniversity	40.808	-73.964	1904
121stStreet	40.700357	-73.82894	1918
125thStreet1	40.815	-73.958	1904
125thStreet23	40.807	-73.945	1904
125thStreet456	40.804259	-73.937473	1918
125thStreetABCD	40.810756	-73.952665	1932
135thStreet23	40.814	-73.941	1904
135thStreetABC	40.81709	-73.94803	1932
137thStreetCityCollege	40.821	-73.954	1904
138thStreetGrandConcourse	40.81303	-73.929963	1918
145thStreet1	40.826	-73.95	1904
145thStreet3	40.82	-73.936	1904
145thStreetABCD	40.82404	-73.944769	1932
149thStreetGrandConcourse	40.818	-73.927	1905
14thStreet_EighthAvenue	40.739779	-74.002533	1931
14thStreet_EighthAvenue	40.739779	-74.002533	1932
14thStreet123	40.738	-73.999	1918
14thStreetFV	40.737328	-73.996798	1940
14thStreetUnionSquare	40.734722	-73.990278	1904
155thStreetAC	40.830859	-73.9414	1932
155thStreetBD	40.829917	-73.939104	1933
157thStreet	40.834	-73.944	1904
15thStreetProspectPark	40.660544	-73.979983	1933
161stStreetYankeeStadium	40.827937	-73.925886	1917
163rdStreetAmsterdamAvenue	40.836866	-73.940134	1932
167thStreet	40.835665	-73.921337	1917
168thStreet	40.841022	-73.939791	1906
169thStreet	40.710638	-73.793063	1937
170thStreet4	40.840178	-73.917732	1917
170thStreetBD	40.838814	-73.913741	1933
174thStreet	40.837	-73.888	1904
174th175thStreets	40.845892	-73.910179	1933
175thStreet	40.846541	-73.940091	1932
176thStreet	40.848619	-73.911767	1917
181stStreet1	40.849	-73.933	1906
181stStreetA	40.850891	-73.938289	1932
182nd183rdStreets	40.856766	-73.900309	1933
183rdStreet	40.858324	-73.903999	1917
18thAvenueDM	40.608667	-74.002115	1916
18thAvenueF	40.629625	-73.976964	1919
18thAvenueN	40.620019	-73.989444	1915
18thStreet	40.741	-73.998	1918
190thStreet	40.858986	-73.93404	1932
191stStreet	40.855	-73.929	1911
207thStreet	40.8644	-73.9189	1906
20thAvenueDM	40.604626	-73.998606	1916
20thAvenueN	40.617164	-73.984844	1915
215thStreet	40.869	-73.915	1906
219thStreet	40.883	-73.863	1917
21stStreet	40.744591	-73.948674	1933
21stStreetQueensbridge	40.753954	-73.942451	1989
225thStreet	40.888	-73.86	1917
231stStreet	40.879	-73.905	1907
233rdStreet	40.893	-73.857	1917
238thStreet	40.885097	-73.900609	1908
23rdStreet12	40.744	-73.996	1918
23rdStreet46	40.740169	-73.98644	1904
23rdStreetACE	40.745274	-73.998499	1932
23rdStreetElyAvenue	40.747615	-73.945069	1939
23rdStreetFV	40.742933	-73.992877	1940
23rdStreetNRW	40.741339	-73.989272	1918
25thAvenue	40.598607	-73.987352	1916
25thStreet	40.661165	-73.998778	1915
28thStreet12	40.747	-73.9935	1918
28thStreet46	40.74329	-73.984165	1904
28thStreetNRW	40.745241	-73.988757	1918
30thAvenue	40.766859	-73.921423	1917
33rdStreet	40.746389	-73.981944	1904
33rdStreetRawsonStreet	40.744617	-73.931306	1917
34thStreetHeraldSquare	40.749338	-73.987985	1918
34thStreetPennStation123	40.751	-73.991	1918
34thStreetPennStationACE	40.752166	-73.993521	1932
36thAvenue	40.756555	-73.929791	1917
36thStreetDMNR	40.65445	-74.00455	1915
36thStreetEGRV	40.752036	-73.927903	1933
39thAvenue	40.752686	-73.932924	1917
40thStreetLoweryStreet	40.743811	-73.924178	1917
42ndStreetBryantPark	40.754799	-73.984208	1940
42ndStreetPortAuthorityBusTerminal	40.757205	-73.98983	1932
45thRoadCourtHouseSquare	40.747044	-73.945253	1916
45thStreet	40.649447	-74.009381	1915
46thStreet	40.756685	-73.914256	1933
46thStreetBlissStreet	40.743133	-73.918403	1917
47th50thStreetsRockefellerCenter	40.758603	-73.981376	1940
49thStreet	40.760423	-73.983779	1919
50thStreet12	40.761	-73.984	1904
50thStreetACE	40.762276	-73.986139	1932
50thStreetDM	40.63611	-73.99498	1916
51stStreet	40.757075	-73.971977	1918
52ndStreet	40.744036	-73.912864	1917
53rdStreet	40.643611	-74.015517	1915
55thStreet	40.631892	-73.995709	1916
57thStreetF	40.764259	-73.977213	1968
57thStreetNQRW	40.765461	-73.980088	1919
59thStreet	40.641078	-74.018181	1915
59thStreetColumbusCircle	40.767997	-73.981934	1904
63rdDriveRegoPark	40.73	-73.862	1936
65thStreet	40.749663	-73.897133	1936
66thStreetLincolnCenter	40.774	-73.982	1904
67thAvenue	40.726966	-73.853703	1936
68thStreetHunterCollege	40.767834	-73.964124	1918
69thStreet	40.746258	-73.89685	1917
71stStreet	40.619165	-73.998992	1916
72ndStreet123	40.779	-73.982	1904
72ndStreetABC	40.776154	-73.976011	1932
75thAvenue	40.71864	-73.837738	1936
75thStreet	40.691377	-73.866534	1917
77thStreet46	40.773587	-73.959875	1918
77thStreetR	40.628497	-74.025936	1916
79thStreet12	40.784	-73.98	1904
79thStreetDM	40.61339	-74.001514	1916
80thStreet	40.679434	-73.857822	1915
81stStreetMuseumofNaturalHistory	40.781971	-73.971763	1932
82ndStreetJacksonHeights	40.747631	-73.883828	1917
85thStreetForestParkway	40.692418	-73.86014	1917
86thStreet12	40.788	-73.976	1904
86thStreet456	40.779469	-73.955626	1918
86thStreetABC	40.785286	-73.969316	1932
86thStreetN	40.592656	-73.978261	1915
86thStreetR	40.622694	-74.028383	1916
88thStreet	40.679857	-73.850698	1915
90thStreetElmhurstAvenue	40.748333	-73.876389	1917
96thStreet123	40.794	-73.972	1904
96thStreet46	40.785773	-73.950949	1918
96thStreetABC	40.791622	-73.964725	1932
AlabamaAvenue	40.67683	-73.900008	1885
AllertonAvenue	40.865	-73.867	1917
AqueductRacetrack	40.672086	-73.835914	1956
AqueductNorthConduitAvenue	40.668325	-73.834034	1956
AstorPlace	40.729722	-73.991667	1904
AstoriaBoulevard	40.769979	-73.918161	1917
AstoriaDitmarsBoulevard	40.776089	-73.910737	1917
AtlanticAvenue	40.675724	-73.902969	1906
AtlanticAvenue_PacificStreet	40.684462	-73.978758	1908
AvenueH	40.630003	-73.962016	1907
AvenueI	40.625922	-73.976219	1919
AvenueJ	40.625276	-73.961372	1908
AvenueM	40.618289	-73.95961	1908
AvenueN	40.615044	-73.974219	1919
AvenueP	40.608739	-73.973014	1919
AvenueUF	40.59615	-73.973319	1919
AvenueUN	40.596494	-73.978967	1915
AvenueUQ	40.598875	-73.955841	1908
AvenueX	40.590142	-73.974125	1919
Bay50thStreet	40.589279	-73.984122	1917
BayParkwayDM	40.602655	-73.994293	1916
BayParkwayF	40.620861	-73.975231	1919
BayParkwayN	40.612886	-73.981992	1915
BayRidgeAvenue	40.633678	-74.023853	1915
BayRidge95thStreet	40.615667	-74.031361	1925
BaychesterAvenue	40.87864	-73.838639	1941
Beach105thStreet	40.583217	-73.827594	1956
Beach25thStreet	40.600061	-73.761424	1956
Beach36thStreet	40.595413	-73.768076	1956
Beach44thStreet	40.592928	-73.775986	1956
Beach60thStreet	40.592395	-73.788536	1956
Beach67thStreet	40.59092	-73.79681	1956
Beach90thStreet	40.588095	-73.813499	1956
Beach98thStreet	40.585441	-73.820186	1956
BedfordAvenue	40.717046	-73.956571	1924
BedfordParkBoulevard	40.872507	-73.887906	1933
BedfordParkBoulevardLehmanCollege	40.873545	-73.889837	1918
BedfordNostrandAvenues	40.689587	-73.953567	1937
BergenStreet234	40.680833	-73.97511	1920
BergenStreetFG	40.687253	-73.990006	1933
BeverleyRoad	40.644625	-73.964472	1900
BeverlyRoad	40.645122	-73.94906	1920
BleeckerStreet	40.725833	-73.994722	1904
Bowery	40.720299	-73.994079	1913
BowlingGreen	40.704106	-74.014521	1905
BriarwoodVanWyckBoulevard	40.709141	-73.820572	1937
BrightonBeach	40.577598	-73.961565	1878
BroadChannel	40.608618	-73.816	1956
BroadStreet	40.707059	-74.01073	1931
BroadwayJunction	40.678919	-73.903453	1885
BroadwayG	40.705433	-73.950219	1937
BroadwayLafayetteStreet	40.725112	-73.995667	1936
BroadwayNW	40.761951	-73.925414	1917
BronxParkEast	40.849	-73.868	1917
BrookAvenue	40.80754	-73.91932	1919
BrooklynBridgeCityHall	40.712778	-74.004722	1904
BrooklynCollegeFlatbushAvenue	40.632361	-73.947486	1920
BuhreAvenue	40.846995	-73.832331	1920
BurkeAvenue	40.871	-73.867	1917
BurnsideAvenue	40.853748	-73.90739	1917
BushwickAvenueAberdeenStreet	40.682851	-73.905158	1928
CanalStreet12	40.722	-74.006	1918
CanalStreet46X	40.718056	-74	1904
CanalStreetACE	40.72186	-74.005365	1932
CanarsieRockawayParkway	40.645382	-73.902626	1906
CarrollStreet	40.6802	-73.9948	1933
CastleHillAvenue	40.834139	-73.851686	1920
CathedralParkway110thStreet	40.804	-73.967	1904
CentralAvenue	40.698015	-73.9252	1889
CentralParkNorth110thStreet	40.798	-73.953	1904
ChambersStreet_WorldTradeCenter	40.712655	-74.009657	1932
ChambersStreet123	40.715517	-74.009233	1918
ChambersStreetJMZ	40.713037	-74.003858	1913
ChaunceyStreet	40.682623	-73.910136	1885
ChristopherStreetSheridanSquare	40.733	-74.003	1918
ChurchAvenue25	40.650755	-73.950005	1920
ChurchAvenueBQ	40.64966	-73.963646	1878
ChurchAvenueFG	40.642792	-73.979431	1933
CityHall	40.71324	-74.007082	1918
ClarkStreet	40.697397	-73.993049	1919
ClassonAvenue	40.688839	-73.960047	1937
ClevelandStreet	40.679629	-73.885589	1893
ClintonWashingtonAvenuesAC	40.683176	-73.965883	1936
ClintonWashingtonAvenuesG	40.688058	-73.96687	1937
ConeyIslandStillwellAvenue	40.577342	-73.981139	1919
CortelyouRoad	40.641597	-73.9643	1900
CortlandtStreet1	40.71	-74.012	1918
CortlandtStreetNRW	40.710735	-74.011245	1918
CourtStreet_BoroughHall	40.693655	-73.990216	1908
CrescentStreet	40.683665	-73.872414	1893
CrownHeightsUticaAvenue	40.668758	-73.931208	1920
CypressAvenue	40.805526	-73.914514	1919
CypressHills	40.689229	-73.873916	1893
DeKalbAvenueL	40.704294	-73.919277	1928
DeKalbAvenueX	40.690254	-73.982277	1915
DelanceyStreetEssexStreet	40.71851	-73.988199	1908
DitmasAvenue	40.636264	-73.978172	1919
DyckmanStreet1	40.861	-73.925	1906
DyckmanStreetA	40.865465	-73.927345	1932
East105thStreet	40.651308	-73.899021	1906
East143rdStreetSt.Mary'sStreet	40.808125	-73.907862	1919
East149thStreet	40.812088	-73.904171	1919
East180thStreet	40.841	-73.874	1917
EastBroadway	40.714216	-73.990259	1936
EastchesterDyreAvenue	40.889055	-73.830614	1941
EasternParkwayBrooklynMuseum	40.671622	-73.96275	1920
EighthAvenue	40.634558	-74.010694	1915
EighthStreetNYU	40.730543	-73.992448	1917
ElderAvenue	40.828553	-73.879194	1920
ElmhurstAvenue	40.741795	-73.88104	1936
EuclidAvenue	40.675366	-73.871899	1948
FarRockawayMottAvenue	40.603983	-73.755426	1958
FifthAvenue_53rdStreet	40.760326	-73.975754	1933
FifthAvenue_59thStreet	40.764779	-73.972621	1919
FifthAvenueBryantPark	40.753434	-73.980947	1926
FirstAvenue	40.731324	-73.982577	1924
FlushingAvenueG	40.699739	-73.950176	1937
FlushingAvenueJMZ	40.700683	-73.941979	1888
FlushingMainStreet	40.759522	-73.830317	1928
FordhamRoad4	40.862706	-73.901124	1917
FordhamRoadBD	40.862414	-73.897133	1933
ForestAvenue	40.704619	-73.901982	1915
ForestHills71stAvenue	40.721404	-73.844004	1936
FortHamiltonParkwayDM	40.640726	-73.994486	1916
FortHamiltonParkwayFG	40.651456	-73.975856	1933
FortHamiltonParkwayN	40.6321	-74.006525	1915
FourthAvenue_NinthStreet	40.670956	-73.991397	1915
FranklinAvenue_BotanicGarden	40.670711	-73.958545	1920
FranklinAvenueFultonStreet	40.681126	-73.955712	1896
FranklinStreet	40.719	-74.007	1918
FreemanStreet	40.83	-73.892	1904
FreshPondRoad	40.705953	-73.896704	1915
FultonStreet	40.686984	-73.976269	1937
FultonStreet_BroadwayNassauStreet	40.710206	-74.007744	1905
GatesAvenue	40.68949	-73.922067	1885
GrahamAvenue	40.714509	-73.944426	1924
GrandArmyPlaza	40.674584	-73.970518	1920
GrandAvenueNewtown	40.73695	-73.877521	1936
GrandCentral_42ndStreet	40.752283	-73.977519	1904
GrandStreetBD	40.718119	-73.993864	1967
GrandStreetL	40.711906	-73.940735	1924
GrantAvenue	40.676635	-73.86559	1956
GreenpointAvenue	40.730153	-73.954296	1933
GunHillRoad25	40.877	-73.866	1917
GunHillRoad5	40.87017	-73.845806	1941
HalseyStreetJZ	40.685682	-73.915458	1885
HalseyStreetL	40.696095	-73.905029	1928
Harlem148thStreet	40.824	-73.937	1968
HewesStreet	40.706669	-73.953009	1888
HighStreetBrooklynBridge	40.699129	-73.989862	1933
HoustonStreet	40.728592	-74.005322	1918
HowardBeachJFKAirport	40.660445	-73.830316	1956
HoytStreetFultonMall	40.690531	-73.985109	1908
HoytSchermerhornStreets	40.689022	-73.986142	1936
HuntersPointAvenue	40.742381	-73.949258	1916
HuntsPointAvenue	40.820565	-73.89164	1919
IntervaleAvenue	40.822	-73.897	1904
Inwood207thStreet	40.867672	-73.921165	1932
JacksonAvenue	40.816	-73.908	1904
JamaicaCenterParsons_Archer	40.702407	-73.799973	1988
JamaicaCenterParsonsArcher	40.702407	-73.799973	1988
Jamaica179thStreet	40.712459	-73.78448	1950
JamaicaVanWyck	40.705726	-73.809714	1988
JayStreetBoroughHall	40.693681	-73.987233	1933
JeffersonStreet	40.706994	-73.923569	1928
JunctionBoulevard	40.749175	-73.869097	1917
JuniusStreet	40.663615	-73.90151	1920
KewGardensUnionTurnpike	40.714151	-73.830786	1936
KingsHighwayBQ	40.609229	-73.95884	1908
KingsHighwayF	40.603186	-73.972344	1919
KingsHighwayN	40.603147	-73.980231	1915
KingsbridgeRoad4	40.867444	-73.897433	1917
KingsbridgeRoadBD	40.866146	-73.894343	1933
KingstonAvenue	40.669376	-73.942151	1920
KingstonThroopAvenues	40.679857	-73.940606	1936
KnickerbockerAvenue	40.698731	-73.918376	1889
KosciuszkoStreet	40.693167	-73.928633	1888
LafayetteAvenue	40.686268	-73.974466	1936
LawrenceStreetMetroTech	40.692158	-73.986311	1920
LexingtonAvenue_59thStreet	40.762471	-73.9679	1918
LexingtonAvenue53rdStreet	40.758343	-73.971033	1933
LexingtonAvenue63rdStreet	40.764649	-73.966398	1989
LibertyAvenue	40.674357	-73.896489	1948
LivoniaAvenue	40.663745	-73.90048	1906
LongIslandCityCourtSquare	40.746477	-73.943996	1933
LongwoodAvenue	40.816278	-73.896232	1919
LorimerStreetJMZ	40.704099	-73.947902	1888
LorimerStreetL	40.714021	-73.949404	1924
LowerEastSideSecondAvenue	40.723616	-73.991117	1936
MarbleHill225thStreet	40.874	-73.91	1907
MarcyAvenue	40.708361	-73.957944	1888
MetropolitanAvenue	40.712752	-73.951464	1937
MetsWilletsPoint	40.754558	-73.845581	1927
MiddleVillageMetropolitanAvenue	40.712232	-73.889194	1915
MiddletownRoad	40.843424	-73.836751	1920
MontroseAvenue	40.707612	-73.939877	1924
MorganAvenue	40.706279	-73.93198	1928
MorrisPark	40.854429	-73.860397	1941
MorrisonAvenueSoundview	40.829495	-73.874474	1920
MosholuParkway	40.879711	-73.884687	1918
MountEdenAvenue	40.844268	-73.914814	1917
MyrtleAvenue	40.696941	-73.935285	1888
MyrtleWilloughbyAvenues	40.694631	-73.949103	1937
MyrtleWyckoffAvenues	40.699511	-73.911166	1889
NassauAvenue	40.723811	-73.95082	1933
NeckRoad	40.595124	-73.95528	1907
NeptuneAvenue	40.580397	-73.974567	1920
NereidAvenue	40.898	-73.854	1917
NevinsStreet	40.688709	-73.980904	1908
NewLotsAvenue2345	40.666382	-73.882585	1922
NewLotsAvenueL	40.659025	-73.899364	1906
NewUtrechtAvenue_62ndStreet	40.626086	-73.997887	1915
NewkirkAvenue25	40.639912	-73.94846	1920
NewkirkAvenueBQ	40.6357	-73.963	1878
NinthAvenue	40.646575	-73.994674	1916
NorthernBoulevard	40.753239	-73.906918	1933
NorwoodAvenue	40.681582	-73.879151	1893
Norwood205thStreet	40.874908	-73.879452	1933
NostrandAvenue2345	40.6698	-73.95052	1920
NostrandAvenueAC	40.680345	-73.949575	1936
OceanParkway	40.576252	-73.968587	1917
OzoneParkLeffertsBoulevard	40.686203	-73.82422	1915
ParkPlace23	40.712492	-74.007683	1918
ParkPlaceS	40.674357	-73.957858	1900
Parkchester	40.832937	-73.862758	1920
ParksideAvenue	40.65535	-73.961651	1907
ParsonsBoulevard	40.70771	-73.802762	1937
PelhamBayPark	40.852871	-73.827138	1920
PelhamParkway25	40.857	-73.868	1917
PelhamParkway5	40.85813	-73.856063	1941
PennsylvaniaAvenue	40.664722	-73.894129	1920
PresidentStreet	40.668009	-73.950691	1920
PrinceStreet	40.724202	-73.997812	1917
ProspectAvenue25	40.819	-73.901	1904
ProspectAvenueDMNR	40.666789	-73.994079	1915
ProspectPark	40.661507	-73.962461	1878
QueensPlaza	40.748915	-73.937387	1933
QueensboroPlaza	40.750653	-73.940344	1917
RalphAvenue	40.678815	-73.92168	1936
RectorStreet1	40.708	-74.013	1918
RectorStreetNRW	40.70771	-74.013004	1918
RockawayAvenue2345	40.662541	-73.908892	1920
RockawayAvenueAC	40.67823	-73.910823	1936
RockawayBoulevard	40.680459	-73.843703	1915
RockawayParkBeach116thStreet	40.580725	-73.83618	1956
RooseveltAvenue_74thStreet	40.746764	-73.891519	1917
RooseveltIsland	40.759188	-73.953438	1989
SaratogaAvenue	40.661531	-73.915586	1920
SenecaAvenue	40.702765	-73.907733	1915
SeventhAvenueBROOK	40.679352	-73.973694	1920
SeventhAvenueFG	40.666831	-73.9816	1933
SeventhAvenueMANH	40.762959	-73.981891	1933
SheepsheadBay	40.587168	-73.953266	1908
ShepherdAvenue	40.674064	-73.880825	1948
SimpsonStreet	40.824	-73.893	1904
SixthAvenue	40.737328	-73.996796	1924
SmithNinthStreets	40.67425	-73.996842	1933
SouthFerry_WhitehallStreet	40.702472	-74.012833	1918
SpringStreet46	40.722222	-73.997222	1904
SpringStreetACE	40.725503	-74.004035	1932
St.LawrenceAvenue	40.831573	-73.867307	1920
SteinwayStreet	40.756685	-73.914256	1933
SterlingStreet	40.663061	-73.950863	1920
SutphinBoulevard	40.705726	-73.809714	1937
SutphinBoulevardArcherAvenueJFKAirport	40.700488	-73.80774	1988
SutterAvenue	40.668367	-73.901768	1906
SutterAvenueRutlandRoad	40.664884	-73.922882	1920
ThirdAvenue	40.733243	-73.987212	1924
ThirdAvenue138thStreet	40.810983	-73.927217	1919
ThirdAvenue149thStreet	40.816099	-73.917676	1905
TimesSquare_42ndStreet	40.756	-73.987	1904
TremontAvenue	40.849463	-73.905973	1933
UnionStreet	40.678108	-73.98391	1915
UticaAvenue	40.679239	-73.929062	1936
VanCortlandtPark242ndStreet	40.889347	-73.898549	1908
VanSiclenAvenue2345	40.665535	-73.888593	1922
VanSiclenAvenueAC	40.672697	-73.890266	1948
VanSiclenAvenueJZ	40.678002	-73.891726	1885
VernonBoulevardJacksonAvenue	40.74264	-73.95391	1915
Wakefield241stStreet	40.903	-73.85	1920
WallStreet23	40.706311	-74.009528	1918
WallStreet45	40.70771	-74.011717	1905
WestEighthStreetNewYorkAquarium	40.576178	-73.9758	1919
WestFarmsSquareEastTremontAvenue	40.84	-73.88	1904
WestFourthStreetWashingtonSquare	40.731682	-74.000945	1932
WestchesterSquareEastTremontAvenue	40.840567	-73.842072	1920
WhitlockAvenue	40.827514	-73.886147	1920
WilsonAvenue	40.688416	-73.904257	1928
WinthropStreet	40.657039	-73.950262	1920
WoodhavenBoulevardEGRV	40.73347	-73.870397	1936
WoodhavenBoulevardJZ	40.693622	-73.852158	1917
Woodlawn	40.886005	-73.878808	1918
Woodside61stStreet	40.745608	-73.902967	1917
YorkStreet	40.701529	-73.986783	1936
ZeregaAvenue	40.836769	-73.846793	1920
